partial_charge = [
-0.81939
-0.813026
-0.816524
-0.814804
0.816192
0.817184
0.81553
0.814838
]

atomic_number = [
7
7
7
7
5
5
5
5
]

atomic_dipole=[
0.125033	-0.009524	-0.171173
0.122811	0.008046	0.171426
-0.123291	0.171513	-0.009901
-0.123765	-0.170016	0.008324
-0.086965	0.006874	0.121335
0.085276	0.121018	-0.006735
-0.084285	-0.006154	-0.122265
0.085869	-0.122116	0.005256
];