num_core=[
0	;
0	;
2	;
2	;
2	;
2	;
2	;
2	;
2	;
2	;
10	;
10	;
10	;
10	;
10	;
10	;
10	;
10	;
18	;
18	;
18	;
18	;
18	;
18	;
18	;
18	;
18	;
18	;
18	;
18	;
18	;
18	;
18	;
18	;
18	;
18	;
36	;
36	;
36	;
36	;
36	;
36	;
36	;
36	;
36	;
36	;
36	;
36	;
36	;
36	;
36	;
36	;
36	;
36	;
54	;
54	;
54	;
54	;
54	;
54	;
54	;
54	;
54	;
54	;
54	;
54	;
54	;
54	;
54	;
54	;
54	;
54	;
54	;
54	;
54	;
54	;
54	;
54	;
54	;
54	;
54	;
54	;
54	;
54	;
54	;
54	;
86	;
86	;
86	;
86	;
86	;
86	;
86	;
86	;
86	;
86	;
86	;
86	;
86	;
86	;
86	;
86	;
86	;
86	;
86	;
86	;
86	;
86	;
86	
];