partial_charge = [
1.089535
1.087813
1.087763
1.090183
1.088207
1.089535
1.087813
1.087763
1.090183
1.088207
1.087763
1.090183
1.087813
1.089535
1.088207
1.089535
1.087813
1.087763
1.090183
1.088207
-1.086031
-1.088755
-1.090161
-1.089983
-1.088573
-1.088755
-1.086031
-1.090161
-1.089983
-1.088573
-1.088755
-1.086031
-1.090161
-1.089983
-1.088573
-1.088755
-1.086031
-1.089983
-1.090161
-1.088573
]
atomic_dipole = [
-0.003012	0.023909	0.009991
-0.002831	0.013859	0.022194
-0.002546	-0.002465	0.026463
-0.002478	-0.016975	0.01965
-0.002652	-0.024993	0.006465
-0.003012	-0.023909	-0.009991
-0.002831	-0.013859	-0.022194
-0.002546	0.002465	-0.026463
-0.002478	0.016975	-0.01965
-0.002652	0.024993	-0.006465
-0.002546	0.026463	0.002465
-0.002478	0.01965	0.016975
-0.002831	0.022194	-0.013859
-0.003012	0.009991	-0.023909
-0.002652	0.006465	0.024993
-0.003012	-0.009991	0.023909
-0.002831	-0.022194	0.013859
-0.002546	-0.026463	-0.002465
-0.002478	-0.01965	-0.016975
-0.002652	-0.006465	-0.024993
0.003208	-0.072042	0.017496
0.001399	-0.063915	0.038629
0.003319	-0.074406	-0.005327
0.003129	-0.069117	-0.028134
0.003417	-0.056447	-0.048918
0.001399	-0.038629	-0.063915
0.003208	-0.017496	-0.072042
0.003319	0.005327	-0.074406
0.003129	0.028134	-0.069117
0.003417	0.048918	-0.056447
0.001399	0.063915	-0.038629
0.003208	0.072042	-0.017496
0.003319	0.074406	0.005327
0.003129	0.069117	0.028134
0.003417	0.056447	0.048918
0.001399	0.038629	0.063915
0.003208	0.017496	0.072042
0.003129	-0.028134	0.069117
0.003319	-0.005327	0.074406
0.003417	-0.048918	0.056447
]