% vdW radii of the elements in atomic units (bohr)
vdW_radius=[
2.72687	;
2.23177	;
2.31586	;
2.59365	;
3.85788	;
3.63867	;
3.4582	;
3.30702	;
3.17852	;
3.06419	;
2.81853	;
2.85443	;
4.25094	;
4.05819	;
3.91835	;
3.81252	;
3.72937	;
3.65473	;
3.60182	;
3.21159	;
3.11332	;
2.99994	;
2.97065	;
2.85632	;
2.79774	;
2.75144	;
2.71365	;
2.67774	;
3.3023	;
2.61066	;
4.14133	;
4.04401	;
3.99677	;
3.97315	;
3.95803	;
3.91268	;
3.88717	;
3.44025	;
3.16057	;
2.95175	;
2.99049	;
2.88372	;
2.8327	;
2.79963	;
2.7675	;
2.73916	;
2.97443	;
2.69097	;
4.21692	;
4.14984	;
4.17629	;
4.22354	;
4.25188	;
4.16118	;
4.26795	;
3.49883	;
3.32781	;
3.35993	;
3.40718	;
3.37789	;
3.35143	;
3.32592	;
3.30041	;
3.1823	;
3.26072	;
3.23899	;
3.22104	;
3.20403	;
3.18797	;
3.17002	;
3.4393	;
2.96781	;
2.99522	;
2.89978	;
2.79113	;
2.94797	;
2.68341	;
2.60215	;
3.11143	;
2.55585	;
4.10732	;
4.06008	;
4.12905	;
4.44936	;
4.4881	;
4.50227	;
4.62983	;
3.47426	;
3.28623	;
3.20875	;
3.23521	;
3.20781	;
3.23521	;
3.23521	;
3.19458	;
3.14261	;
3.1549	;
3.13033	;
3.1171	;
3.10482	;
3.09348	;
3.06892	;
3.05758		
];