% vertices of truncated icosahedron (buckeyball) whose vertices lie on the unit sphere
buckeyball_vertices=[
-0.205735	-0.343560	0.916318	;
0.205832	-0.343553	0.916299	;
0.400461	-0.006407	0.916292	;
0.194672	0.350014	0.916293	;
-0.194619	0.350008	0.916307	;
-0.400395	-0.006427	0.916320	;
-0.332920	-0.654617	0.678705	;
0.000040	-0.846846	0.531838	;
0.333014	-0.654594	0.678681	;
0.647944	-0.611665	0.453911	;
0.733412	0.038976	0.678666	;
0.400441	0.615679	0.678665	;
0.205775	0.866963	0.453908	;
-0.205792	0.866952	0.453921	;
-0.400419	0.615662	0.678693	;
-0.733385	0.423414	0.531852	;
-0.733371	0.038944	0.678712	;
-0.853671	-0.255274	0.453961	;
-0.647877	-0.611701	0.453957	;
0.000025	-0.985757	0.168173	;
-0.332941	-0.940388	-0.069429	;
-0.647887	-0.758561	0.069487	;
-0.853687	-0.492902	-0.168128	;
-0.980866	-0.181856	0.069494	;
-0.980880	0.181809	-0.069419	;
-0.853699	0.492859	0.168190	;
-0.647932	0.758527	-0.069442	;
-0.332988	0.940370	0.069448	;
0.733399	0.423453	0.531803	;
0.332927	0.654610	-0.678708	;
0.647880	0.611694	-0.453962	;
0.853671	0.255274	-0.453961	;
0.733369	-0.038943	-0.678715	;
0.400401	0.006428	-0.916318	;
-0.205826	0.343550	-0.916302	;
-0.333007	0.654597	-0.678682	;
-0.000045	0.846845	-0.531840	;
-0.000035	0.985757	-0.168177	;
0.332943	0.940387	0.069437	;
0.647890	0.758558	-0.069481	;
0.980867	0.181854	-0.069494	;
0.980881	-0.181806	0.069423	;
0.853695	-0.492868	-0.168185	;
0.733383	-0.423418	-0.531853	;
0.400423	-0.615660	-0.678693	;
0.194625	-0.350008	-0.916305	;
-0.194669	-0.350014	-0.916294	;
-0.400462	0.006409	-0.916291	;
-0.647944	0.611666	-0.453910	;
-0.853716	0.255235	-0.453899	;
-0.733419	-0.038976	-0.678659	;
-0.733403	-0.423450	-0.531799	;
-0.400436	-0.615681	-0.678666	;
-0.205774	-0.866960	-0.453914	;
0.205791	-0.866951	-0.453922	;
0.332986	-0.940370	-0.069463	;
0.647931	-0.758527	0.069434	;
0.853683	0.492909	0.168128	;
0.853712	-0.255232	0.453907	;
0.205745	0.343563	-0.916315	
];